256;214;156;130;120;106;96;90;86;86;80;78;78;76;74;72;72;72;72;70;70;70;68;68;66;66;66;64;62;62;60;60;60;60;58;58;56;56;56;54;54;54;54;54;52;50;48;46;46;46;46;46;46;44;44;44;44;42;42;42;42;42;42;42;42;40;38;36;36;36;36;36;36;34;34;34;34;34;32;32;32;30;28;28;26;26;26;26;26;26;26;26;26;26;26;26;26;26;26;26;
238;186;144;118;104;94;88;80;78;76;76;70;70;68;66;64;60;60;56;56;54;52;52;50;48;46;46;42;40;40;40;40;40;38;38;36;36;36;36;34;34;34;34;34;34;32;32;32;32;32;32;32;30;30;30;30;30;30;30;30;30;28;28;28;28;26;26;26;26;26;26;26;26;26;26;26;26;26;26;26;26;26;24;24;24;24;24;24;24;24;24;24;24;24;24;24;24;24;24;24;
266;202;168;138;122;110;102;92;86;82;78;76;70;68;68;68;66;62;62;62;58;54;52;52;52;52;52;52;52;50;50;50;50;50;50;48;46;46;46;44;44;42;42;42;42;42;42;42;42;42;42;40;40;40;40;40;40;40;38;38;38;38;38;38;36;36;36;34;34;34;34;34;32;32;32;32;32;32;32;32;32;32;32;32;32;32;32;32;32;32;32;32;32;32;32;32;32;32;32;32;
250;176;148;132;124;120;114;114;104;92;90;78;76;72;72;72;72;70;70;64;62;60;60;56;54;50;50;50;50;50;50;48;48;46;46;46;46;46;44;44;44;44;44;44;40;40;40;40;40;38;38;38;38;38;36;36;36;36;36;36;34;34;34;34;34;34;34;34;32;32;32;32;32;32;32;32;32;32;30;30;30;30;30;30;30;30;30;30;28;28;28;28;28;28;28;28;28;28;28;28;
266;188;154;134;120;112;100;92;88;82;82;80;78;72;72;68;66;64;62;62;56;56;56;54;50;50;48;48;48;44;44;44;42;42;42;42;40;40;40;38;38;38;36;36;36;36;36;36;36;36;36;34;34;34;34;34;34;34;34;34;34;34;34;34;34;34;34;34;34;34;34;34;34;34;32;32;32;32;32;32;32;32;32;32;32;32;32;32;32;32;32;30;30;30;30;30;30;30;30;30;
250;184;156;130;110;102;92;80;78;74;72;72;72;66;64;64;64;58;58;58;58;56;54;54;54;54;52;52;52;52;52;52;52;52;52;50;50;50;50;50;50;48;48;48;48;48;48;48;48;48;48;48;48;46;46;46;44;44;44;44;44;44;42;42;42;42;42;42;40;38;38;38;38;38;38;38;38;38;38;38;36;36;36;36;36;36;36;36;36;34;34;34;34;34;34;34;34;34;34;34;
274;206;162;136;122;114;102;92;86;84;80;78;74;74;74;72;70;70;70;68;66;66;66;62;62;62;62;58;58;58;58;58;58;56;54;50;48;48;46;46;46;46;46;46;44;44;42;42;42;40;40;40;40;38;38;38;38;38;38;38;38;38;38;36;34;34;34;32;32;30;28;26;26;26;26;26;26;26;26;26;26;26;26;26;26;26;26;26;26;26;24;24;22;22;20;20;20;18;18;18;
234;172;136;124;116;108;100;98;92;86;86;82;82;78;76;72;68;64;64;64;64;64;60;56;52;52;52;50;50;50;50;48;48;48;48;48;48;48;48;46;46;46;46;46;46;46;44;44;44;44;44;44;44;44;44;44;42;42;42;42;42;42;40;40;40;38;38;38;38;38;38;38;38;38;38;38;38;36;36;36;36;36;36;36;36;36;36;36;36;34;32;32;32;32;32;30;30;30;30;28;
248;176;150;128;116;104;102;92;88;84;80;76;76;72;64;62;60;60;56;54;54;52;50;50;48;48;48;46;46;46;46;42;42;42;42;40;34;34;34;34;32;32;32;32;32;32;32;32;32;32;32;32;30;28;26;26;26;26;26;26;26;26;26;24;24;24;24;24;24;24;24;24;24;24;24;24;24;24;24;24;24;24;24;24;24;24;24;24;24;24;24;24;24;24;24;24;24;24;24;24;
242;170;140;124;112;102;98;96;88;80;80;78;70;66;66;62;62;62;62;60;58;54;54;52;52;48;46;46;44;44;44;42;42;42;42;42;42;42;42;38;36;36;36;36;36;36;36;36;36;36;36;36;36;34;34;34;34;34;34;34;34;34;34;32;32;32;32;30;30;30;30;30;30;30;30;30;30;30;30;30;30;30;30;30;30;30;30;28;28;28;28;28;28;28;28;28;28;28;28;28;
264;196;158;134;114;108;104;98;94;88;82;82;76;76;68;66;64;64;64;64;60;56;54;54;54;52;52;52;52;52;52;52;52;52;52;52;52;48;48;48;46;46;46;44;44;42;42;40;40;40;40;40;40;40;40;40;40;40;40;38;38;38;38;38;36;36;36;36;36;36;36;36;34;32;32;32;32;30;30;30;30;30;30;30;30;30;30;28;28;28;28;28;28;28;28;28;28;28;28;28;
262;196;160;142;128;116;114;104;100;94;92;90;84;80;76;74;72;68;68;64;64;64;64;64;64;60;60;60;60;60;60;60;56;56;56;56;54;54;54;52;50;46;44;42;42;42;42;38;38;38;38;38;38;38;38;38;38;38;38;38;38;38;38;38;38;38;38;38;38;38;38;38;38;38;38;38;34;32;32;32;32;32;32;32;32;32;32;32;32;32;32;32;30;30;30;30;30;30;30;30;
258;194;158;132;120;100;96;88;86;84;84;82;76;74;74;72;70;70;68;66;66;64;62;60;60;54;54;54;54;52;50;46;46;46;46;40;40;40;38;38;38;38;38;36;36;36;36;34;34;34;34;34;34;34;34;34;34;34;34;34;34;34;34;34;34;34;34;34;32;32;32;32;32;32;32;30;30;30;28;28;28;28;28;28;28;28;28;28;28;28;28;28;28;28;28;28;28;28;28;28;
250;184;152;128;120;110;102;94;88;82;80;78;72;72;72;68;64;62;62;60;58;58;58;54;50;48;46;46;46;46;44;42;42;42;40;38;36;36;36;36;36;36;34;34;34;34;34;34;34;34;34;34;34;34;34;34;34;34;34;34;34;32;32;32;32;32;30;30;30;30;30;30;30;30;30;30;30;30;30;30;30;30;30;30;30;28;28;28;28;28;28;28;28;26;26;26;26;26;26;26;
258;192;168;140;126;116;110;104;94;84;76;72;70;66;66;62;58;58;54;52;50;48;48;44;44;44;44;42;42;38;38;36;36;36;36;36;36;36;36;34;34;32;32;32;32;32;32;30;28;28;28;28;28;28;28;26;26;24;24;24;24;24;24;24;24;24;24;24;24;24;24;24;24;24;24;24;24;24;24;24;24;24;24;24;24;24;24;24;24;24;24;24;22;22;22;22;22;22;22;22;
272;194;150;136;124;108;94;88;86;80;76;72;70;68;68;68;66;66;62;62;60;56;56;56;56;54;50;50;50;50;48;48;48;48;48;48;48;46;46;46;46;44;44;44;44;44;44;44;44;42;42;42;42;42;42;42;42;42;42;42;42;42;42;42;42;42;42;42;40;40;40;40;40;40;40;40;40;40;40;40;38;38;38;38;38;38;38;38;38;38;36;36;36;36;36;36;36;34;34;34;
264;202;166;134;122;112;108;100;94;88;84;80;78;76;76;70;64;64;62;60;60;60;60;60;60;58;56;54;52;52;52;52;50;48;48;46;42;40;40;38;38;38;38;38;38;38;38;38;38;38;38;38;38;38;38;38;38;38;36;36;36;34;34;34;34;34;34;34;34;34;34;34;34;34;34;34;34;34;34;34;32;30;30;30;30;30;30;30;30;30;30;30;30;28;28;28;28;28;28;28;
258;186;152;132;118;102;96;84;82;78;74;70;68;68;64;64;62;62;60;58;58;58;54;52;50;48;46;46;46;42;42;42;42;40;40;40;40;40;40;40;40;40;40;40;40;40;40;38;38;36;36;36;36;36;36;36;34;34;34;34;34;32;32;32;32;32;32;32;32;32;32;30;26;26;26;26;26;26;26;26;26;26;26;26;26;26;26;26;26;26;26;26;26;26;26;26;26;26;26;26;
262;198;166;128;120;112;110;106;100;96;92;92;90;86;84;84;82;80;78;76;74;74;70;66;64;62;62;58;56;52;48;48;48;48;46;46;46;44;44;44;44;40;40;40;40;40;40;40;40;40;40;40;40;40;40;40;40;38;38;38;38;38;38;38;38;38;38;38;38;38;38;38;38;38;38;38;38;38;36;36;36;36;36;36;36;36;34;32;32;32;32;32;32;32;32;32;32;32;32;32;
254;202;166;136;120;110;104;98;88;84;78;74;70;66;66;66;66;60;58;58;58;58;56;56;56;54;54;52;52;52;52;52;52;50;50;48;48;46;46;44;44;42;40;40;40;40;40;38;38;38;38;36;36;36;36;36;36;34;34;34;34;34;34;34;34;34;34;34;34;34;34;34;34;34;32;32;32;32;32;30;30;30;30;30;30;30;30;30;30;28;28;28;28;28;26;24;24;24;24;24;
262;186;156;150;128;118;104;98;92;86;82;78;74;70;68;68;68;66;66;62;60;60;60;60;58;58;58;58;56;56;56;56;56;56;56;54;54;54;52;52;52;52;52;52;48;48;46;46;46;46;46;46;46;46;46;46;44;44;44;44;44;44;44;44;44;44;44;44;42;42;42;42;42;42;42;42;42;42;42;42;40;40;40;40;40;40;40;40;40;40;40;40;38;38;38;36;36;36;36;36;
260;194;164;148;132;110;98;94;82;80;78;74;72;72;70;68;66;60;60;56;56;52;50;50;50;48;48;48;46;46;46;46;46;44;42;42;42;42;40;38;38;38;38;38;38;38;36;36;36;36;34;34;34;34;34;32;32;32;32;32;32;32;30;30;30;30;30;30;30;30;30;30;30;30;30;30;30;30;30;28;28;28;28;28;28;28;28;28;26;26;26;26;26;26;26;26;26;26;26;26;
260;200;160;142;124;108;104;98;94;92;86;86;80;80;80;78;78;74;74;70;70;66;64;64;62;62;56;54;54;54;54;52;52;50;50;48;48;46;44;44;44;44;44;44;42;42;42;42;42;42;42;42;42;40;38;36;34;34;34;34;34;34;34;34;34;34;34;32;32;30;30;30;30;30;30;30;30;30;30;30;30;30;30;30;30;28;28;28;28;28;26;26;26;26;26;26;26;26;26;26;
256;190;146;120;110;102;96;94;90;84;82;78;74;66;62;58;56;56;56;54;54;54;54;54;52;52;52;52;52;52;50;50;48;46;44;44;44;42;42;42;42;38;38;38;38;38;38;38;38;38;38;38;38;36;32;32;32;32;32;32;32;32;32;32;32;32;32;32;32;30;30;30;30;30;30;30;30;30;30;26;26;26;26;26;26;26;26;26;26;26;26;26;26;26;26;26;26;26;26;26;
256;182;154;132;108;100;96;92;86;84;82;78;78;66;66;66;64;62;58;56;56;54;54;54;54;54;54;52;52;52;52;48;48;48;46;44;42;42;42;42;42;42;42;42;42;42;42;42;42;42;42;42;40;40;40;40;40;40;40;40;40;40;40;40;40;40;40;40;40;40;40;40;40;40;40;40;40;40;40;40;40;40;40;40;40;40;40;40;40;40;40;40;40;40;40;40;40;40;40;40;
244;174;162;138;128;116;98;88;84;80;76;72;72;72;72;72;72;70;64;64;64;64;64;64;64;60;60;58;56;54;54;54;52;52;52;50;50;50;50;50;50;50;50;48;48;48;46;44;44;42;42;42;42;42;42;42;42;40;40;40;40;40;40;40;40;40;38;38;38;38;36;36;36;36;36;36;36;34;34;34;32;32;32;32;32;32;30;30;30;30;30;30;30;30;30;30;28;28;28;28;
254;186;162;148;128;118;112;104;102;100;92;90;84;82;78;74;72;68;64;60;60;60;58;58;56;56;52;52;52;52;52;52;52;52;52;52;52;52;52;50;50;48;48;48;48;46;46;46;46;46;44;42;42;42;42;42;42;42;42;42;42;42;42;42;42;42;42;42;42;42;42;40;38;38;38;38;38;38;36;36;36;36;36;36;36;36;36;36;36;36;36;36;36;34;34;34;32;32;32;32;
278;186;158;144;118;108;102;94;80;78;74;70;68;66;66;62;60;56;54;52;50;50;48;48;44;44;42;40;40;38;38;38;38;38;38;38;36;32;32;32;32;32;32;30;30;30;28;28;28;28;28;28;28;28;28;28;28;28;28;28;28;28;28;26;26;26;26;26;26;26;26;26;26;26;26;26;26;26;26;26;26;26;26;26;26;26;26;26;26;26;26;26;26;26;26;26;26;26;26;26;
260;186;156;136;120;116;112;108;102;90;88;82;80;80;76;76;74;74;72;66;66;66;62;62;60;60;58;58;58;56;56;56;54;54;54;54;54;54;52;52;52;52;52;52;52;50;48;46;46;46;46;44;44;44;44;44;44;44;44;40;40;38;38;38;36;36;36;36;36;34;34;34;34;34;34;34;34;34;34;32;32;32;32;32;32;32;32;32;32;32;32;32;32;32;32;32;32;32;32;32;
260;204;150;138;116;104;102;98;94;92;90;90;86;82;78;74;70;70;68;66;64;64;64;64;62;60;58;58;56;54;50;50;50;48;48;46;44;44;44;44;42;42;38;38;38;38;38;38;38;38;38;38;38;38;36;36;36;36;36;36;36;36;36;36;36;36;34;34;34;34;34;34;34;32;32;32;30;30;30;30;30;30;30;30;30;30;30;30;30;30;30;30;30;30;30;30;30;30;30;30;
238;180;152;130;112;106;106;94;86;84;84;80;74;70;70;68;66;62;62;60;54;52;50;48;48;48;48;46;44;44;44;44;42;42;42;42;42;42;42;40;40;40;40;40;40;40;40;40;40;40;40;40;40;38;38;38;38;38;38;38;38;38;38;36;36;36;36;36;36;36;36;36;36;36;36;34;34;34;34;34;34;34;34;34;34;34;34;34;34;34;34;34;34;32;32;32;32;32;30;30;
260;182;152;138;124;112;102;94;90;84;80;76;64;62;58;58;58;58;58;54;52;52;52;50;48;48;48;44;44;42;42;42;42;42;42;42;42;42;42;42;42;42;42;42;42;42;42;42;42;42;42;42;42;42;42;42;42;40;40;38;38;38;38;38;38;38;38;38;38;38;38;38;38;36;34;34;34;34;34;34;32;32;32;32;32;32;32;32;32;32;32;32;32;32;32;32;32;32;32;32;
266;204;170;138;126;114;104;94;86;82;76;76;74;66;64;60;58;58;54;52;50;44;42;42;42;42;40;40;40;40;38;36;36;36;36;36;36;36;36;36;36;36;36;36;36;36;36;36;36;36;36;36;36;36;36;36;34;34;32;32;32;32;32;32;32;32;32;32;32;32;32;32;30;30;30;28;28;28;28;28;28;28;28;28;26;26;26;26;26;24;24;24;24;24;24;24;24;24;24;24;
280;196;166;148;122;106;96;86;86;84;78;78;70;68;66;66;66;66;62;56;56;56;56;56;54;54;54;54;50;50;50;50;50;48;46;46;44;42;42;42;42;42;42;42;42;42;40;40;40;40;40;40;40;40;40;40;40;40;40;40;40;40;40;40;40;40;40;40;40;40;40;38;38;38;38;38;38;38;38;36;36;36;36;36;36;36;36;36;36;36;36;36;36;36;36;36;36;36;36;36;
258;180;160;142;134;128;118;102;90;86;80;74;74;70;68;66;66;66;66;64;60;58;54;54;54;54;54;52;52;52;52;52;50;48;46;46;44;42;42;42;42;42;42;42;42;38;38;38;36;36;34;32;32;32;32;32;32;32;32;32;32;30;30;30;30;30;30;30;30;30;30;30;30;30;30;30;30;30;30;30;30;30;30;30;30;28;28;28;28;28;28;28;28;28;28;28;28;28;26;26;
270;190;156;130;110;102;98;90;86;86;78;74;74;72;68;68;66;64;64;60;60;58;56;56;56;54;50;50;50;50;50;50;50;50;50;50;48;46;46;46;46;46;46;46;46;46;46;46;46;44;42;42;40;40;40;40;40;40;40;40;40;40;40;40;38;38;38;38;38;36;36;36;36;34;34;34;34;34;34;34;34;34;34;34;34;34;32;32;32;32;32;32;32;32;32;32;32;32;32;32;
288;202;164;144;130;118;108;106;102;98;92;92;92;92;88;86;86;80;76;76;74;72;66;64;64;62;62;62;62;60;60;60;60;60;60;60;56;56;54;54;54;54;54;54;54;52;52;52;48;48;48;48;46;46;46;46;46;46;46;46;46;46;46;44;44;44;44;44;44;42;42;42;40;40;40;38;38;36;34;34;34;34;34;34;34;34;34;34;34;34;34;34;34;34;34;34;34;32;32;32;
270;204;156;138;132;120;110;102;94;86;86;86;84;82;80;78;74;68;64;64;64;64;62;62;60;60;60;56;56;56;52;52;52;52;50;50;48;46;46;46;44;44;42;42;42;42;42;42;42;42;42;42;42;42;42;40;40;40;40;40;40;40;40;40;40;40;40;40;40;38;36;36;36;34;34;34;32;32;30;30;30;30;30;30;30;30;30;30;30;30;30;30;30;30;28;28;26;24;24;24;
258;176;144;132;122;112;98;92;86;84;78;72;72;70;64;64;64;64;62;62;62;60;58;56;54;54;52;50;50;50;50;46;46;46;46;46;46;46;46;46;44;44;44;44;44;42;42;42;42;42;40;40;38;38;38;38;38;38;38;38;36;36;36;36;36;36;36;36;34;34;34;34;34;34;34;34;34;34;34;32;32;32;32;32;32;32;32;32;32;32;30;30;30;30;30;30;30;30;30;30;
254;186;150;134;128;118;114;110;100;98;92;88;84;84;84;82;80;76;76;76;76;72;70;66;64;62;62;60;60;58;56;56;56;56;54;52;52;52;52;50;50;50;50;50;50;50;50;48;48;46;46;46;46;44;44;44;44;42;40;40;38;38;38;38;38;38;38;36;36;36;36;36;36;36;36;36;34;34;34;34;34;34;34;34;34;34;34;34;34;34;34;32;32;32;32;32;32;32;32;32;
264;196;158;130;120;110;100;92;82;82;78;74;72;66;60;60;60;58;56;54;50;48;48;48;46;46;46;46;46;46;46;46;46;46;46;46;46;44;44;42;42;42;42;42;42;42;42;40;40;40;40;40;38;36;36;36;36;36;36;36;36;36;36;36;36;36;36;36;36;36;36;36;36;36;36;36;36;36;36;36;36;36;36;36;36;36;36;36;36;36;36;36;36;36;36;36;36;36;36;36;
256;196;168;148;138;130;116;110;108;100;94;90;82;82;78;74;66;64;64;64;64;64;64;64;62;60;58;58;58;56;54;54;54;52;52;50;50;50;48;46;44;44;40;38;38;38;38;38;38;38;38;38;38;38;38;38;38;38;38;38;38;38;38;38;34;32;32;32;32;32;32;32;32;32;32;30;30;30;30;30;30;30;30;30;30;30;30;30;30;30;30;30;30;30;30;30;30;30;30;30;
254;180;154;128;122;110;102;96;92;86;86;80;74;72;70;70;66;64;60;60;60;58;54;54;52;52;52;52;52;52;52;52;50;50;48;48;48;48;48;44;44;44;42;42;42;40;38;36;36;36;36;36;36;36;36;36;36;34;34;34;34;34;34;34;34;34;32;32;32;32;32;32;32;32;32;32;32;30;30;28;28;28;28;28;28;28;26;26;26;26;26;26;26;26;24;24;24;24;24;24;
250;188;152;132;116;108;100;96;88;86;84;82;78;76;74;74;74;70;66;60;58;56;52;52;50;48;48;48;46;46;46;46;44;42;40;40;40;40;40;40;40;40;40;40;40;40;40;40;40;38;38;38;38;38;38;38;38;38;38;38;38;36;34;34;34;34;34;34;34;34;34;34;34;34;34;34;34;34;34;34;34;34;34;34;34;34;34;34;34;34;34;34;34;34;34;34;34;34;34;32;
286;212;184;168;148;136;126;118;112;110;106;104;96;90;88;80;76;74;74;72;70;68;68;66;64;62;62;62;62;62;62;60;58;58;58;58;58;56;56;56;56;56;56;56;54;54;52;52;44;44;44;44;44;42;40;40;38;38;38;38;36;34;34;32;32;32;32;32;32;32;32;32;32;32;32;32;32;32;32;32;32;32;32;32;32;32;32;32;32;32;32;32;32;32;32;32;32;32;32;32;
266;186;148;136;124;110;104;102;96;92;90;86;82;80;80;80;76;74;72;68;68;66;64;62;54;54;54;52;52;50;44;44;42;42;42;42;42;40;40;40;40;40;40;36;36;36;36;34;34;34;34;34;32;32;32;32;32;32;32;32;32;32;32;32;32;30;30;28;28;28;28;28;28;28;28;28;28;28;28;28;28;28;28;28;28;28;28;28;28;28;28;26;26;26;24;24;24;24;24;24;
260;196;164;140;128;122;110;98;94;90;86;86;84;78;78;72;68;68;68;66;64;60;58;58;58;56;56;56;52;52;50;48;48;48;46;46;46;46;46;46;46;44;44;40;40;40;38;38;38;38;38;38;36;36;36;36;34;34;34;34;34;34;34;34;34;32;32;32;32;30;30;30;30;30;30;30;30;30;30;30;30;30;30;30;30;30;30;30;30;30;28;28;28;28;28;28;28;28;28;28;
276;206;156;140;128;120;116;104;104;104;102;96;94;92;90;84;82;80;80;80;80;74;74;74;74;74;70;64;64;60;60;58;58;54;54;50;50;50;48;48;48;46;44;42;36;32;32;32;32;32;32;32;32;32;32;32;32;32;32;30;30;30;30;30;30;30;30;30;30;30;30;30;30;28;28;28;28;28;28;28;28;28;28;28;28;28;28;28;28;28;28;28;28;28;28;28;28;28;28;28;
260;196;138;128;116;108;102;90;84;80;70;70;68;66;64;62;58;56;56;56;56;52;50;48;48;48;46;46;46;46;44;44;44;44;44;44;44;44;44;42;42;42;42;42;40;40;40;40;40;40;38;38;38;38;38;38;38;38;38;38;38;38;38;38;38;38;38;38;36;36;36;36;36;36;36;36;36;36;36;36;36;36;36;36;36;36;36;36;36;36;36;36;36;36;36;36;36;36;36;34;
272;198;144;128;114;108;94;86;80;76;72;70;68;68;66;62;60;58;58;56;56;54;54;54;54;52;46;46;46;46;46;42;42;42;42;40;40;38;38;38;38;38;38;38;38;38;38;38;38;38;36;36;36;36;36;36;36;36;36;36;36;34;34;34;34;34;34;34;34;34;34;34;34;34;34;34;34;34;34;34;34;34;34;34;34;34;34;32;32;32;32;32;32;32;32;32;32;32;32;32;
270;194;150;132;122;110;106;102;94;92;88;84;78;68;66;66;64;64;64;62;62;62;62;62;62;58;58;58;58;58;56;56;54;50;44;44;44;42;42;42;42;42;42;42;42;42;42;42;42;42;42;42;42;42;42;38;38;38;38;38;38;38;38;38;38;36;34;34;34;34;30;30;30;30;30;28;28;28;28;28;28;28;28;28;28;28;28;28;26;26;26;26;26;26;26;26;26;26;26;26;
248;186;158;140;128;122;118;112;104;94;88;82;80;78;78;74;74;70;70;68;68;62;60;56;54;54;52;52;52;52;52;50;50;50;50;48;46;46;46;42;42;42;42;42;42;42;42;42;40;38;38;38;38;38;38;38;38;38;38;38;38;38;38;36;36;36;36;36;36;36;36;36;36;36;36;36;36;36;36;36;36;36;36;36;36;36;34;34;32;32;32;32;32;32;32;30;30;30;30;30;
250;178;152;136;132;116;104;96;90;82;78;72;68;68;68;68;66;64;64;64;62;62;60;58;56;54;52;52;50;50;48;48;48;48;48;46;46;46;46;46;46;44;44;42;42;42;42;42;42;42;42;42;42;42;42;42;40;40;40;40;40;40;38;38;38;38;38;38;36;36;36;34;34;34;34;30;30;30;30;30;30;30;30;30;30;28;28;28;28;28;28;28;28;28;28;28;28;28;28;28;
288;208;176;150;134;126;120;116;110;102;102;94;90;86;84;80;78;78;74;68;66;64;64;62;62;56;56;56;56;54;50;48;46;46;44;44;44;44;44;38;38;36;34;34;32;32;32;32;32;30;30;30;30;30;30;30;30;30;30;30;30;28;28;28;26;26;26;26;26;26;24;24;24;24;24;24;24;24;24;24;24;24;24;24;24;24;24;22;22;22;22;22;22;22;22;22;22;22;22;22;
248;184;150;144;134;120;112;102;96;88;88;84;82;76;76;74;72;70;70;70;68;68;68;64;62;60;60;60;60;60;56;54;54;54;54;54;54;54;54;52;52;50;50;50;50;50;48;48;46;44;44;44;44;44;44;44;44;44;44;44;44;44;44;44;44;44;42;42;42;38;38;38;38;38;38;38;38;36;36;36;36;34;34;34;34;34;34;34;34;34;32;32;32;32;32;32;32;30;30;30;
258;194;164;134;122;108;100;94;94;90;88;80;78;76;76;76;74;68;68;66;58;54;50;50;50;46;46;44;44;44;44;44;44;44;42;42;40;38;38;38;38;36;36;36;36;36;36;36;36;36;36;36;36;34;34;34;30;30;30;28;28;28;26;26;26;26;26;26;26;26;26;26;26;26;26;26;26;24;24;24;24;24;24;24;24;24;24;24;24;24;24;24;24;24;24;24;24;24;24;24;
274;186;152;136;124;114;106;102;92;86;82;80;74;74;72;70;66;64;62;60;60;56;56;56;56;56;54;54;54;52;52;50;50;48;44;44;44;44;42;42;42;40;40;38;38;38;34;32;32;32;32;32;32;32;32;32;32;30;30;30;30;30;30;30;30;30;28;28;28;28;28;28;28;28;28;28;28;28;28;28;28;28;28;28;28;26;26;26;26;24;24;24;24;24;24;24;24;24;24;24;
274;198;166;142;128;120;108;102;92;88;88;82;76;74;72;72;72;68;66;66;64;62;60;60;60;58;58;58;56;56;56;56;54;52;50;48;48;48;48;46;44;44;44;44;44;44;44;40;38;38;38;38;38;38;38;38;38;38;38;38;38;38;38;38;38;38;38;38;36;36;36;36;36;36;36;36;36;36;36;36;36;36;36;36;36;36;36;36;36;36;36;34;34;34;34;34;34;34;34;34;
242;184;156;134;118;112;106;98;94;90;82;82;78;78;78;74;72;70;70;68;66;64;62;56;56;56;56;54;52;52;48;48;48;44;44;40;40;38;38;36;36;36;36;36;36;36;36;36;36;36;36;36;36;36;36;36;36;36;36;36;36;36;36;36;36;36;36;36;36;36;36;36;36;36;36;36;36;36;36;36;34;32;32;32;32;32;30;30;30;30;30;30;30;28;28;28;28;28;28;28;
236;172;144;130;116;104;96;90;86;78;74;72;72;72;68;66;66;62;60;60;60;58;56;56;56;56;56;52;50;50;48;46;46;46;46;46;46;44;44;44;44;44;42;42;42;42;40;40;40;40;40;38;38;38;38;38;38;38;38;38;38;38;36;36;36;34;34;34;34;34;34;34;34;34;34;34;34;34;34;34;34;34;34;34;34;34;34;30;30;30;30;30;30;30;30;28;28;28;28;28;
278;210;170;140;118;106;92;92;92;82;78;78;78;76;76;70;68;68;68;68;66;66;64;64;64;62;60;58;56;56;56;56;54;54;54;54;54;54;52;50;50;48;46;46;44;44;44;44;44;44;42;42;42;42;42;42;40;40;40;40;40;40;40;40;40;40;40;40;40;40;40;40;40;40;40;40;40;40;40;40;40;40;40;40;40;40;40;40;40;40;40;40;40;40;40;40;40;40;40;40;
252;174;138;128;120;106;98;92;90;86;82;80;74;70;68;68;66;64;64;62;56;54;52;50;50;48;48;46;46;46;46;46;44;44;44;44;42;42;42;42;40;38;38;38;38;38;38;38;36;36;32;32;32;32;32;32;32;32;32;32;32;32;32;32;30;30;30;30;30;30;30;30;30;30;30;30;30;30;30;30;30;30;30;30;28;28;28;26;26;26;26;26;26;26;26;26;24;24;24;24;
242;186;164;140;122;108;104;98;94;92;88;84;82;78;76;72;72;66;64;60;58;58;52;52;52;52;52;50;50;50;50;50;50;50;50;50;50;50;50;50;48;48;46;46;46;46;44;44;44;44;44;42;40;40;36;34;34;34;34;34;32;30;30;28;28;28;28;28;28;28;28;28;28;28;28;28;28;28;28;28;28;28;28;28;28;28;28;28;24;24;24;24;24;24;24;24;24;24;24;24;
264;198;170;146;126;112;102;88;86;84;80;80;76;72;72;70;64;62;62;62;62;62;62;58;58;58;58;58;58;58;58;58;58;58;56;56;56;54;54;54;52;52;52;50;50;50;50;50;50;50;50;48;48;48;48;48;48;48;48;48;48;44;44;42;42;42;42;42;42;42;42;42;42;40;40;40;38;38;38;36;34;34;34;34;34;34;34;34;34;34;34;32;32;30;30;30;30;30;28;28;
274;200;166;148;136;124;114;108;104;96;94;88;86;78;78;76;76;76;76;76;72;68;64;64;62;62;62;62;58;54;54;54;54;52;52;52;52;52;52;52;50;50;50;50;50;50;48;46;46;46;46;46;46;46;44;44;44;44;42;42;42;42;42;42;42;40;40;40;40;40;40;40;40;38;38;38;38;38;38;38;38;38;38;38;38;36;36;36;36;36;32;32;32;32;32;32;32;32;32;32;
270;188;154;138;132;122;118;112;108;98;94;90;88;86;82;80;80;80;76;70;68;68;68;66;62;60;60;58;56;54;54;54;52;52;52;50;50;50;50;50;50;50;50;48;48;48;46;46;46;46;46;46;44;44;44;44;44;44;44;44;44;44;44;44;44;44;44;44;44;44;44;44;44;44;44;44;44;44;44;44;44;44;42;42;42;40;40;40;40;38;38;38;38;38;38;38;38;36;36;36;
266;210;166;138;132;120;102;96;96;92;90;86;82;76;70;68;66;64;62;62;58;58;58;58;58;54;52;52;52;52;52;52;52;50;50;50;50;50;48;48;46;44;44;44;42;42;42;40;40;40;38;36;36;36;36;36;36;34;34;34;32;30;30;30;30;30;30;30;30;30;30;30;30;30;30;30;30;30;30;30;30;28;28;28;28;28;28;28;28;28;28;28;28;28;28;28;28;28;28;28;
266;192;172;158;130;120;108;104;96;86;84;82;80;80;74;72;70;68;66;62;62;62;62;62;62;62;62;62;60;58;54;54;54;54;54;50;46;46;46;46;46;46;46;46;46;46;46;46;46;46;46;46;46;46;46;46;46;44;44;44;44;44;40;38;38;38;38;38;38;38;38;36;36;36;36;36;36;36;36;36;36;34;34;34;34;32;32;32;32;32;32;32;32;32;32;32;30;30;30;30;
266;216;180;148;136;128;120;110;106;102;96;92;90;80;76;74;70;70;66;62;58;58;58;56;54;50;50;48;46;46;46;44;44;44;44;44;44;44;44;44;44;44;44;44;44;44;44;44;44;44;44;40;40;40;40;40;40;38;38;38;38;38;38;36;36;36;36;34;34;32;32;32;30;30;30;30;28;28;28;28;28;28;28;28;28;28;28;28;28;28;28;28;28;28;28;28;28;28;28;28;
252;192;152;138;128;118;102;88;88;82;78;76;70;70;70;70;64;64;60;60;58;56;56;56;54;52;50;48;48;46;46;44;44;44;44;42;42;42;40;40;40;40;40;40;40;38;38;38;36;36;36;36;36;36;36;36;36;36;36;36;36;36;36;36;36;36;36;36;34;32;32;32;32;32;32;32;32;32;32;32;32;32;30;30;30;30;30;30;30;30;30;30;30;30;30;30;30;30;30;30;
278;202;184;142;132;116;96;92;84;80;78;76;74;68;66;62;60;60;56;48;46;46;46;46;44;44;42;40;40;40;40;38;36;36;34;34;34;34;34;34;34;34;34;32;32;32;32;32;32;32;32;32;32;32;30;30;30;30;30;30;30;30;30;30;30;30;30;30;30;30;30;30;30;30;28;28;28;28;28;28;28;28;26;26;26;26;26;26;26;26;26;26;26;26;26;26;26;26;26;26;
260;200;172;156;132;112;104;98;92;80;74;64;60;58;52;52;52;52;52;52;52;52;50;50;50;48;48;48;44;42;42;38;36;36;36;36;36;34;34;34;34;34;34;34;34;34;34;32;32;30;28;28;28;28;28;28;28;28;28;28;28;28;28;28;28;28;28;28;28;28;28;28;28;28;28;28;28;28;28;28;28;28;28;28;28;28;28;28;28;28;28;28;28;26;26;26;26;26;26;26;
258;180;142;130;122;114;110;106;102;96;84;80;80;76;76;76;72;70;70;68;68;64;64;64;64;64;60;60;60;60;60;60;58;58;56;54;54;54;54;54;54;54;54;52;52;52;52;52;52;52;52;52;52;52;52;52;50;50;50;50;50;50;50;50;50;50;50;50;50;50;48;48;48;46;46;46;44;44;40;40;38;38;38;38;38;38;38;38;38;38;38;36;36;36;36;36;36;36;36;34;
266;180;158;142;132;122;116;108;108;106;98;94;86;86;80;78;72;68;66;64;64;62;60;60;60;58;56;52;52;52;52;52;52;52;52;52;52;52;52;52;52;52;52;50;50;46;44;44;42;42;42;42;42;42;42;42;42;42;42;42;42;42;42;42;42;40;40;38;38;38;38;38;38;38;38;36;36;34;34;32;32;32;32;32;32;30;30;28;28;28;28;28;28;28;28;28;28;28;28;28;
254;202;172;160;136;116;108;104;98;94;92;88;86;80;78;76;72;68;68;68;66;66;64;62;62;60;60;60;60;60;60;60;60;58;58;56;54;50;50;48;46;46;46;46;46;46;44;44;44;42;42;42;42;42;42;42;42;42;42;40;40;40;38;38;38;38;38;38;38;38;38;38;36;36;36;36;36;36;36;36;36;36;34;34;34;34;34;34;32;30;30;30;30;30;30;30;30;28;28;28;
254;192;168;152;132;114;102;90;88;84;82;80;78;74;72;72;68;68;66;64;64;64;60;58;58;56;56;56;56;52;50;48;48;48;48;48;48;46;46;44;44;44;44;44;44;44;44;44;44;44;44;42;40;40;40;40;40;40;40;40;40;40;40;40;36;36;36;36;36;36;34;34;32;32;32;32;30;30;30;30;30;30;30;30;28;28;28;28;28;26;26;26;26;26;26;26;26;26;26;26;
248;184;160;130;118;118;114;108;100;96;92;82;74;72;68;58;56;52;52;52;52;52;52;50;50;50;46;46;46;46;46;44;44;44;44;42;42;42;42;42;42;40;38;38;38;38;38;38;38;38;38;38;38;38;38;38;38;38;38;38;38;38;38;36;36;34;34;34;34;34;34;34;34;34;34;32;32;32;32;32;32;32;32;32;30;30;30;30;28;28;28;28;28;28;28;28;28;28;28;28;
264;202;168;156;134;126;114;110;106;104;100;94;90;86;78;74;74;72;70;66;64;64;64;60;60;58;56;56;50;46;40;40;40;40;40;40;40;40;36;36;34;34;34;34;34;34;34;34;34;34;34;34;34;34;34;34;34;34;34;34;34;34;34;34;34;34;34;34;34;34;34;34;34;34;34;34;34;34;34;34;34;34;34;34;34;34;34;34;34;32;32;32;30;30;30;30;30;30;30;30;
256;190;156;140;128;110;98;96;92;86;82;82;82;78;76;76;74;72;70;70;68;64;62;60;58;56;56;54;54;54;54;54;52;52;50;46;44;44;44;42;42;42;42;42;38;36;36;36;36;36;36;36;36;34;34;34;34;34;32;32;32;32;32;32;30;30;30;30;28;28;28;28;28;28;28;28;28;26;26;26;26;26;26;24;24;24;24;22;22;22;22;22;22;22;22;22;22;22;22;22;
286;206;152;138;114;108;100;94;88;88;86;84;80;78;76;70;68;68;68;62;62;60;60;60;60;60;60;58;56;54;52;50;48;48;46;46;44;44;42;42;42;42;42;42;42;42;42;42;42;42;40;40;40;40;40;40;40;38;38;38;38;38;38;36;36;36;36;36;36;36;36;36;36;34;34;34;32;32;32;32;32;32;32;32;32;30;28;28;28;28;28;28;28;28;28;28;28;28;28;28;
238;190;154;138;124;114;108;98;86;84;80;76;74;70;66;64;64;64;64;62;60;54;54;54;54;54;50;48;48;48;48;48;46;46;46;46;46;46;44;44;44;44;44;44;44;44;44;44;44;44;44;44;42;42;42;40;40;40;38;38;38;38;38;38;38;38;38;38;38;36;36;36;36;36;36;34;34;32;32;32;32;30;30;30;30;30;30;30;30;30;30;30;30;28;28;28;28;28;28;28;
258;200;162;142;126;106;104;104;96;86;78;72;66;60;60;56;54;54;50;50;48;48;48;48;42;42;42;38;38;38;36;36;36;36;36;36;34;34;34;34;32;32;32;32;32;30;30;30;30;30;28;28;28;28;28;28;28;28;28;28;28;28;28;28;28;28;28;28;28;28;28;26;26;26;26;26;26;26;26;26;26;26;26;26;26;26;26;26;26;26;26;26;26;26;26;26;26;26;26;26;
258;196;160;142;128;120;108;102;100;86;78;72;68;68;66;64;64;60;60;56;52;50;48;48;48;46;44;40;40;40;40;38;38;38;38;38;38;38;38;38;38;38;38;38;38;36;36;36;36;34;34;34;34;34;34;34;34;32;32;32;32;32;32;32;32;30;30;30;30;28;28;28;28;28;28;28;28;28;28;28;28;28;28;28;28;28;28;28;28;28;28;28;28;28;26;26;26;26;26;26;
268;188;166;140;126;118;116;108;100;96;94;86;78;72;72;68;66;66;64;62;62;58;58;58;56;56;56;56;56;54;54;52;52;52;50;48;48;48;48;46;46;46;44;44;44;44;44;40;38;38;38;38;38;38;38;38;36;34;34;34;34;34;34;34;34;34;34;34;34;34;34;34;34;34;30;30;30;30;30;28;28;28;28;28;28;28;28;28;28;28;28;28;28;28;28;28;28;28;28;28;
274;204;174;150;134;124;112;106;100;96;84;80;76;74;72;72;72;60;60;60;60;56;56;54;54;50;50;50;50;48;48;48;48;48;48;48;48;46;46;46;44;44;40;40;40;40;40;38;38;38;38;38;38;38;38;38;38;36;36;36;36;34;34;32;32;32;32;32;32;32;32;32;32;32;32;32;30;30;30;30;30;30;30;30;30;30;30;30;30;30;30;30;30;30;30;30;30;30;30;30;
264;194;160;140;120;110;94;86;84;74;68;64;64;64;62;60;60;60;58;54;52;50;50;46;46;44;42;42;36;34;34;34;34;34;34;34;34;34;34;34;34;34;32;32;32;32;32;32;32;32;32;32;32;32;32;32;32;32;32;32;30;30;28;28;28;28;28;28;28;28;28;28;28;28;28;28;28;28;28;28;28;28;28;28;28;28;28;28;28;28;28;28;28;28;28;28;28;28;28;28;
272;200;166;150;134;122;110;102;96;90;82;80;80;78;78;74;72;68;68;68;66;64;64;64;64;62;56;56;56;56;56;54;54;52;52;52;50;50;48;48;46;46;46;46;46;46;46;46;46;44;44;42;42;42;40;40;40;40;38;38;38;38;38;38;36;36;32;32;30;26;26;26;26;26;26;26;26;26;26;26;26;26;26;26;26;26;26;26;26;26;26;26;26;26;26;26;26;26;26;26;
228;176;154;136;126;114;112;104;98;88;84;78;74;72;70;68;68;66;66;64;64;62;62;60;56;56;56;56;56;56;52;50;50;50;50;46;46;46;46;46;46;46;46;46;46;44;44;40;38;38;38;38;38;38;38;38;36;36;36;36;36;36;34;34;34;32;32;32;32;32;32;32;30;30;30;30;30;30;30;30;30;28;28;28;28;28;28;28;28;28;28;28;28;28;28;28;28;28;28;28;
278;218;172;156;140;118;108;100;94;94;92;88;82;76;74;74;70;70;70;70;70;68;66;64;60;60;56;56;56;54;54;52;50;50;50;46;46;46;44;42;42;42;42;42;42;42;40;40;38;38;38;38;38;38;38;38;38;38;36;36;36;36;36;36;36;36;36;36;36;36;36;34;34;34;34;34;34;34;34;34;34;34;34;34;34;34;34;32;32;32;32;30;30;30;28;28;28;28;28;28;
284;194;156;140;124;118;112;106;96;94;92;86;84;84;82;80;78;78;76;76;72;72;70;64;64;62;62;62;60;60;58;56;56;56;56;56;56;54;54;54;50;50;50;48;48;46;44;44;44;44;44;42;40;40;40;40;40;40;40;40;40;40;40;40;40;38;38;38;38;38;38;38;38;38;38;38;38;38;38;38;38;38;36;36;36;36;36;36;36;36;36;36;36;36;36;36;36;34;34;34;
248;200;170;152;138;122;110;102;100;96;94;86;86;80;78;66;66;64;64;62;62;58;56;54;54;52;52;50;48;48;48;48;48;46;44;44;44;44;44;44;44;42;42;42;42;42;42;42;42;40;40;40;40;40;40;40;40;40;40;40;40;40;40;40;40;40;38;38;38;38;38;38;36;36;36;32;32;32;32;32;32;30;30;30;30;30;30;30;30;30;30;30;30;30;30;30;30;30;30;30;
256;182;136;118;108;104;98;96;94;90;90;86;82;76;76;74;72;72;72;68;68;68;64;62;60;60;60;58;58;54;52;48;46;46;46;46;44;44;44;44;44;44;42;42;38;38;36;36;36;36;36;36;36;34;34;34;34;32;32;32;32;32;32;32;32;32;32;32;32;32;32;32;32;32;28;28;28;28;28;28;28;28;28;28;28;28;28;28;28;26;26;26;26;26;26;26;26;26;26;26;
276;194;162;144;130;120;114;104;100;100;94;90;88;82;80;76;72;68;68;66;62;62;60;58;52;52;50;50;50;50;48;48;48;46;44;44;44;44;44;44;44;44;44;42;42;40;40;40;40;40;40;40;40;40;40;40;40;40;40;40;40;38;36;36;36;36;34;32;32;32;32;32;32;32;32;32;32;32;32;32;32;32;32;32;32;30;30;30;30;30;30;28;26;26;26;26;26;26;26;26;
266;196;170;144;136;116;108;96;92;88;88;84;80;78;74;72;72;66;64;64;62;60;60;60;60;60;54;54;54;52;52;50;50;50;48;48;48;44;44;44;44;44;44;42;40;40;38;38;36;36;36;36;36;36;36;36;36;36;36;36;36;36;36;36;36;36;36;36;36;36;36;36;36;36;36;36;36;34;34;32;32;32;32;32;32;32;32;30;30;30;30;30;30;30;30;30;30;30;30;30;
270;196;168;144;130;124;114;106;94;90;86;80;76;70;68;64;62;62;60;60;58;56;56;56;54;54;54;54;54;54;54;54;52;52;50;48;46;46;46;46;44;44;44;44;44;44;44;44;44;42;42;42;42;42;42;42;42;42;42;42;42;42;42;42;40;40;40;40;40;40;40;40;40;38;36;36;36;36;36;36;36;36;36;36;34;34;34;34;34;34;34;34;34;34;34;34;32;32;32;32;
276;192;156;130;120;114;108;104;96;96;92;88;80;80;80;78;76;76;74;72;70;68;66;66;64;64;62;62;62;62;62;58;58;54;54;54;52;50;48;46;46;46;44;44;44;44;44;42;42;42;42;42;42;42;42;42;42;42;42;42;42;40;40;40;40;40;40;38;38;38;38;38;38;38;38;38;38;38;38;38;38;38;38;38;38;38;38;38;38;38;38;38;36;36;36;36;36;36;36;36;
256;190;156;136;122;114;102;94;86;86;82;80;80;80;78;74;72;68;62;60;60;58;58;56;56;56;56;56;56;56;56;56;56;56;54;52;52;52;52;52;52;52;52;50;50;46;46;46;46;46;46;46;46;46;46;46;46;46;46;46;46;46;46;46;46;46;46;44;44;44;44;44;44;44;44;44;44;44;44;44;44;44;42;42;40;40;38;38;38;36;36;36;36;34;34;34;34;34;34;32;
250;170;142;128;116;108;100;96;88;82;78;74;74;70;70;68;60;60;60;58;58;56;56;56;56;54;54;54;54;54;54;54;54;54;52;50;48;48;48;48;48;48;48;48;48;48;48;48;48;48;46;46;46;46;46;46;46;46;46;46;42;42;38;38;38;38;38;38;38;36;36;36;36;34;34;34;34;34;34;34;34;34;34;34;34;34;34;34;34;34;34;34;34;32;30;30;30;30;30;30;
248;184;154;132;116;112;108;100;92;86;82;78;76;76;74;72;72;68;64;62;60;58;56;56;56;56;54;52;52;48;46;46;46;46;46;44;44;44;44;44;44;42;40;40;40;40;40;40;40;40;40;40;40;40;40;38;38;38;38;38;38;36;34;34;34;34;32;32;32;32;30;28;28;28;28;28;28;28;28;28;28;28;28;28;28;28;28;26;26;26;26;26;26;26;24;24;24;24;24;24;
248;182;152;138;120;118;114;104;90;78;74;72;68;66;66;64;62;62;62;62;62;62;60;60;60;60;56;56;56;56;56;56;54;52;52;52;52;52;52;52;52;52;50;50;50;50;50;50;50;44;44;44;44;42;42;42;42;42;42;40;40;40;40;38;38;38;38;38;38;38;38;38;36;36;36;36;36;36;34;34;34;34;34;34;34;34;34;34;34;34;32;32;32;32;32;32;32;32;32;32;
