0,034;
0,042;
0,046;
0,051;
0,051;
0,053;
0,060;
0,062;
0,066;
0,067;
0,069;
0,072;
0,073;
0,074;
0,077;
0,076;
0,078;
0,075;
0,075;
0,077;
0,077;
0,080;
0,078;
0,083;
0,085;
0,084;
0,084;
0,085;
0,083;
0,080;
0,082;
0,084;
0,085;
0,083;
0,086;
0,085;
0,086;
0,085;
0,087;
0,088;
0,088;
0,087;
0,087;
0,086;
0,087;
0,088;
0,087;
0,086;
0,086;
0,088;
0,088;
0,089;
0,088;
0,089;
0,090;
0,091;
0,092;
0,092;
0,094;
0,095;
0,094;
0,095;
0,095;
0,096;
0,096;
0,094;
0,096;
0,095;
0,094;
0,094;
0,094;
0,094;
0,096;
0,096;
0,097;
0,100;
0,101;
0,101;
0,102;
0,102;
0,104;
0,105;
0,106;
0,106;
0,105;
0,106;
0,106;
0,106;
0,107;
0,107;
0,108;
0,109;
0,110;
0,110;
0,110;
0,110;
0,110;
0,112;
0,112;
0,113;
