-0.133 18.0
0.333 16.0
0.133 12.0
0.0 12.0
0.0 18.0
0.267 14.0
-0.067 11.0
0.4 15.0
-0.133 13.0
-0.2 15.0
-0.2 19.0
0.2 11.0
0.0 16.0
-0.067 9.0
-0.2 14.0
0.0 16.0
0.133 17.0
-0.133 9.0
-0.067 16.0
-0.2 8.0
-0.267 12.0
-0.2 12.0
0.067 13.0
-0.2 16.0
0.067 16.0
0.267 17.0
-0.267 13.0
-0.067 18.0
0.0 12.0
-0.133 17.0
-0.133 15.0
0.267 12.0
0.2 11.0
0.333 9.0
0.0 21.0
0.133 14.0
-0.067 13.0
0.0 15.0
0.067 12.0
0.0 15.0
0.067 15.0
0.267 19.0
-0.267 14.0
0.133 19.0
-0.067 17.0
0.0 14.0
0.067 15.0
0.333 13.0
0.267 13.0
0.0 20.0
0.4 10.0
0.4 12.0
-0.067 14.0
-0.133 16.0
0.067 14.0
0.333 17.0
-0.267 13.0
0.2 13.0
0.133 13.0
0.133 16.0
0.133 13.0
0.067 18.0
-0.133 18.0
0.067 16.0
0.2 14.0
-0.2 18.0
-0.2 13.0
-0.267 12.0
0.067 12.0
0.133 16.0
0.2 13.0
-0.067 13.0
0.0 16.0
-0.067 14.0
-0.2 15.0
-0.267 19.0
-0.133 18.0
0.133 19.0
0.133 10.0
-0.467 12.0
-0.2 13.0
0.067 11.0
-0.067 12.0
-0.067 16.0
0.0 20.0
0.133 18.0
0.067 18.0
0.0 17.0
0.2 13.0
-0.067 17.0
0.2 12.0
0.133 17.0
-0.133 15.0
0.133 18.0
0.2 15.0
-0.267 16.0
0.2 21.0
0.133 11.0
0.333 12.0
-0.067 17.0
