-0.333 27.0
0.333 33.0
0.133 33.0
0.333 23.0
0.267 31.0
0.133 32.0
0.0 34.0
-0.4 27.0
-0.067 30.0
0.133 28.0
0.133 28.0
0.133 35.0
0.2 31.0
-0.067 33.0
0.2 30.0
-0.2 28.0
-0.067 31.0
0.133 30.0
0.333 29.0
0.067 31.0
-0.133 30.0
-0.2 31.0
0.267 28.0
0.133 35.0
0.133 29.0
0.067 30.0
-0.067 27.0
-0.133 36.0
0.0 35.0
0.267 28.0
0.333 25.0
0.333 29.0
0.0 35.0
0.0 40.0
-0.333 39.0
-0.4 27.0
0.0 26.0
0.2 36.0
0.067 35.0
0.0 31.0
0.0 28.0
-0.067 34.0
-0.2 34.0
-0.267 26.0
0.067 34.0
0.0 34.0
0.0 29.0
0.0 36.0
-0.267 33.0
0.067 31.0
-0.2 31.0
-0.267 34.0
-0.067 37.0
0.133 29.0
0.133 25.0
0.2 34.0
-0.067 34.0
-0.2 30.0
0.067 34.0
-0.267 33.0
0.067 30.0
0.067 30.0
0.0 33.0
-0.133 36.0
0.133 26.0
0.133 26.0
-0.133 31.0
0.0 33.0
0.0 34.0
0.067 32.0
-0.067 33.0
0.067 33.0
0.133 33.0
0.4 17.0
-0.067 35.0
-0.267 31.0
-0.267 32.0
-0.2 30.0
-0.067 35.0
0.267 30.0
-0.133 29.0
0.067 35.0
-0.2 25.0
-0.067 37.0
-0.2 34.0
0.0 33.0
0.133 30.0
-0.133 33.0
0.2 36.0
0.067 32.0
0.267 28.0
0.4 26.0
0.0 31.0
-0.067 29.0
0.133 30.0
-0.067 33.0
0.0 33.0
-0.2 25.0
-0.133 33.0
0.0 34.0
