-0.133 21.0
0.0 21.0
0.0 24.0
0.067 17.0
0.133 24.0
0.267 22.0
0.0 17.0
0.067 30.0
-0.133 23.0
-0.333 21.0
0.0 17.0
-0.333 19.0
0.067 21.0
-0.067 27.0
-0.267 20.0
-0.133 22.0
-0.2 17.0
-0.133 24.0
0.2 22.0
-0.2 26.0
0.0 21.0
0.2 20.0
0.067 21.0
-0.267 23.0
-0.133 21.0
0.067 20.0
0.4 15.0
-0.067 19.0
-0.067 18.0
0.333 21.0
-0.067 18.0
0.0 24.0
0.067 24.0
-0.067 15.0
-0.133 24.0
-0.133 23.0
0.267 24.0
0.0 21.0
0.2 23.0
-0.133 23.0
0.2 17.0
0.0 21.0
0.133 22.0
0.067 25.0
0.0 25.0
-0.067 22.0
0.0 29.0
-0.4 19.0
-0.2 16.0
0.467 16.0
0.133 22.0
0.0 22.0
-0.2 21.0
0.2 17.0
-0.2 17.0
-0.133 20.0
0.0 26.0
-0.267 24.0
0.133 16.0
0.067 22.0
-0.067 29.0
0.0 22.0
-0.267 20.0
0.133 18.0
-0.267 19.0
-0.133 17.0
0.067 14.0
0.067 24.0
0.2 17.0
0.0 21.0
0.067 21.0
-0.267 19.0
0.0 24.0
0.2 26.0
0.133 26.0
0.067 16.0
0.133 22.0
0.133 20.0
0.0 20.0
-0.067 21.0
-0.133 24.0
0.267 24.0
0.2 18.0
-0.133 23.0
0.133 24.0
0.133 25.0
-0.133 28.0
-0.067 22.0
-0.067 21.0
0.0 27.0
0.333 22.0
0.0 22.0
-0.2 18.0
0.133 17.0
-0.133 20.0
0.333 24.0
0.133 20.0
0.0 19.0
0.0 19.0
-0.067 19.0
